100
57 96
70 4
97 43
73 67
46 4
11 18
68 10
99 52
81 56
36 11
23 47
52 96
26 16
46 47
89 44
57 23
97 67
2 95
67 81
48 19
67 64
75 86
86 75
57 67
53 89
26 53
63 91
17 36
9 54
17 61
48 38
68 13
98 11
20 21
37 11
91 12
70 59
31 24
54 49
11 42
16 97
69 49
20 95
73 98
69 96
74 49
47 31
32 49
23 49
2 69
3 8
39 17
67 49
37 37
72 12
37 59
39 3
25 21
54 63
90 81
72 24
67 10
95 38
42 54
8 85
3 15
38 67
28 37
69 33
63 36
31 83
72 32
65 56
48 33
35 46
10 48
2 11
50 70
22 8
72 54
39 73
24 8
49 57
61 39
87 46
78 60
19 13
37 44
41 88
27 92
3 1
14 5
81 46
28 3
53 90
82 86
54 6
92 45
77 19
80 98
