100
2 46
61 33
6 90
31 94
64 72
17 26
18 66
99 80
97 47
20 95
79 24
8 74
36 17
64 17
71 49
3 71
54 4
74 42
57 39
90 71
77 75
94 98
4 52
34 86
80 95
44 37
54 87
39 59
84 16
12 68
7 9
41 76
51 20
66 10
20 40
10 22
21 90
70 28
19 87
13 77
82 58
19 68
89 43
22 70
71 79
30 83
73 10
75 20
42 79
94 6
3 47
43 32
51 73
39 44
90 76
19 21
3 64
1 6
39 8
8 11
48 17
34 29
20 69
37 72
80 40
33 12
74 98
52 55
75 8
74 80
16 6
12 58
93 39
71 67
70 92
90 71
46 43
97 46
37 99
31 66
71 84
98 22
51 67
36 15
12 70
65 3
33 90
52 77
9 56
48 26
62 2
61 42
92 15
63 60
8 64
14 23
37 11
3 31
43 95
24 70
