200
110 136
29 138
23 133
40 73
158 187
45 108
156 120
143 6
195 6
53 126
45 160
140 73
152 99
67 178
6 51
4 41
92 152
187 3
43 96
112 197
37 181
68 18
6 131
31 141
154 186
34 70
99 52
2 132
35 188
63 181
190 175
144 45
103 195
158 24
22 147
64 5
65 105
10 152
71 154
50 94
109 141
120 197
99 133
195 31
37 120
98 126
10 32
9 76
155 77
32 4
169 139
132 112
43 74
121 170
83 100
52 116
142 73
88 62
199 68
84 94
57 37
17 15
190 51
66 166
141 154
106 28
165 62
173 130
191 7
92 116
76 102
25 51
7 118
41 55
122 162
65 1
114 6
86 115
30 36
103 168
32 94
88 99
103 177
164 93
64 140
138 140
155 179
92 75
11 178
107 29
38 13
182 72
122 78
159 56
91 175
198 12
167 120
34 22
94 103
82 152
53 19
151 146
165 9
131 27
125 123
11 173
90 96
168 101
17 38
41 57
90 153
77 171
89 107
50 31
130 67
190 31
133 66
97 75
131 191
68 174
127 111
122 158
15 86
137 185
33 199
180 127
83 176
73 76
69 118
68 164
74 93
39 134
93 1
152 93
96 49
192 115
130 125
50 168
186 56
2 20
105 56
184 20
20 6
177 76
116 159
132 67
162 173
63 149
141 137
7 172
144 21
128 126
123 84
91 147
63 105
33 142
68 135
93 18
13 97
166 137
179 95
100 81
79 76
87 187
27 134
121 112
9 158
72 5
151 174
3 34
72 29
117 171
67 126
88 152
45 189
53 33
91 149
28 193
59 10
94 37
72 135
42 38
97 129
110 136
67 9
46 140
1 116
119 190
13 165
40 197
41 83
106 127
164 16
148 163
173 123
98 108
165 10
191 100
98 58
190 13
